image: 3L.pgm
resolution: 0.050000
origin: [-11.000000, -45.000000, 0.000000]
negate: 0
occupied_thresh: 0.65
free_thresh: 0.196

